0
0
0
0
-0
-0
-0
-0
0
0
0
0
0
0
0
0
-0
-0
-0
-0
-0
0
-0
-0
-0
-0
-0
-0
-0
-0
-0
0
-0
-0
-0
-0
-0
-0
-0
-0
-0
-0
-0
-0
-0
-0
-0
-0
-0
-0
-0
-0
-0
-0
-0
-0
-0
-0
-0
-0
-0
-0
-0
-0
-0
-0
-0
-0
-0
-0
-0
-0
-0
-0
-0
-0
-0
-0
-0
-0
-0
-0
-0
-0
-0
-0
-0
-0
-0
-0
-0
-0
-0
-0
-0
-0
-0
-0
-0
-0
-0
0
0
1
2
4
5
5
6
6
6
6
8
9
10
12
13
13
14
16
18
20
20
20
20
21
22
23
24
24
23
25
25
25
26
24
21
21
23
21
21
25
28
25
24
22
20
22
23
24
23
23
24
25
23
23
23
21
20
24
26
24
23
24
25
23
24
23
21
23
26
27
27
24
22
24
25
24
25
25
22
23
24
23
23
23
24
25
24
25
25
22
22
22
22
22
23
24
21
22
25
23
22
21
19
18
18
17
15
14
14
15
15
15
14
13
11
9
7
8
7
6
4
4
3
2
2
1
1
1
1
1
1
1
1
0
0
0
0
0
0
0
0
0
0
0
0
0
0
0
-0
0
0
0
0
-0
-0
-0
-0
-0
-0
-0
-0
-0
-0
-0
-0
-0
-0
-0
-0
-0
-0
-0
-0
