-0
-0
-0
0
0
0
-0
-0
-0
-0
-0
-0
-0
-0
-0
-0
0
-0
0
-0
-0
0
0
0
0
0
-0
0
-0
-0
-0
-0
-0
-0
-0
0
0
0
1
1
1
1
1
0
0
0
0
0
0
0
0
0
0
0
0
0
0
0
0
0
0
0
0
0
0
0
0
0
-0
-0
0
-0
-0
0
0
0
0
0
0
0
1
0
0
0
0
0
0
0
0
0
-0
-0
0
0
0
0
1
1
1
1
1
0
0
0
0
0
1
1
0
0
0
0
0
0
0
1
0
0
0
0
0
0
0
0
0
0
0
0
0
0
0
0
0
0
1
1
1
1
0
0
0
0
0
0
0
0
0
0
0
0
0
0
0
0
0
0
0
0
0
0
0
1
0
0
0
0
0
0
0
0
0
0
1
1
0
0
0
0
0
0
1
1
1
1
1
1
1
1
1
1
1
1
1
1
1
1
1
1
1
1
1
1
1
1
1
1
1
1
1
1
1
1
1
1
1
1
1
1
1
1
1
1
1
1
1
1
1
1
1
1
1
1
1
1
1
1
1
1
1
1
1
1
1
1
1
1
1
1
1
1
1
1
1
1
1
6
17
22
24
28
33
34
37
37
35
35
37
34
33
33
35
36
35
33
33
33
34
34
33
35
37
38
35
34
34
35
34
35
34
35
37
37
35
36
38
35
32
33
34
35
35
36
36
34
34
35
33
31
34
37
35
33
32
32
34
34
32
31
32
32
30
32
32
34
34
32
34
33
31
30
35
32
30
32
33
33
33
33
32
31
31
31
32
33
32
31
31
30
30
31
33
32
32
33
33
32
32
32
30
32
32
31
30
31
28
28
28
29
32
31
29
29
29
31
30
30
29
28
30
31
31
33
31
29
30
30
31
32
32
29
29
30
30
31
31
30
31
32
32
32
33
34
32
31
29
29
31
30
31
30
31
32
29
27
29
31
31
30
31
31
32
32
30
31
32
33
33
33
33
31
31
31
29
28
30
32
31
31
29
28
30
31
30
29
30
32
31
30
31
31
32
32
30
28
31
30
29
28
29
31
31
32
32
30
29
29
29
29
30
30
29
29
29
28
29
29
30
30
30
30
30
31
32
31
31
31
31
29
30
30
31
30
29
31
31
30
30
29
33
31
29
31
31
30
30
32
33
32
33
32
33
33
30
30
30
29
30
32
31
31
31
32
31
31
30
30
30
31
31
32
30
30
28
30
33
32
31
30
31
30
28
29
31
30
29
31
33
31
30
31
29
29
30
31
32
32
31
30
30
30
31
31
29
31
32
30
28
28
28
31
31
32
32
32
30
30
30
30
31
29
29
30
31
33
33
30
29
28
28
30
30
30
29
29
30
30
29
30
30
29
30
31
31
29
31
31
30
28
29
29
30
28
29
30
30
31
29
27
26
27
29
30
29
30
30
30
29
31
31
31
32
31
30
31
32
29
30
31
29
29
30
30
31
30
31
30
29
29
29
31
32
32
32
31
30
30
29
29
29
30
29
32
31
30
30
31
30
29
29
30
29
31
31
31
31
31
30
28
28
29
29
29
30
28
29
29
29
29
29
28
28
29
28
29
28
27
28
28
28
29
29
27
28
29
27
26
26
28
28
26
26
28
28
29
29
29
27
26
26
25
25
27
25
25
25
27
29
27
29
30
31
30
30
29
28
28
29
29
30
29
28
27
25
26
28
28
29
30
30
29
30
29
28
30
30
29
28
29
30
30
30
29
27
28
27
29
29
28
28
27
28
30
29
27
27
26
28
29
27
29
27
28
30
28
28
30
29
28
29
28
27
28
28
27
27
26
27
27
27
29
28
25
26
26
28
27
25
28
27
28
28
27
26
28
29
28
28
28
28
28
29
29
27
28
29
28
29
29
29
29
29
29
31
28
28
28
28
29
29
29
29
28
28
27
27
30
30
28
27
27
28
27
26
26
27
27
27
26
27
27
28
31
29
29
27
27
28
29
29
29
29
30
29
28
28
28
28
28
28
28
28
28
29
29
30
28
26
29
30
29
29
29
28
29
27
28
28
28
28
30
29
28
25
26
27
