-0
-0
-0
-0
-0
-0
-0
-0
-0
-0
-0
-0
-0
-0
-0
-0
-0
-0
-0
-0
-0
-0
-0
-0
-0
-0
-0
-0
-0
-0
-0
-0
-0
-0
-0
0
1
1
1
1
1
1
1
1
1
1
0
0
1
1
1
1
1
1
1
1
1
1
1
1
1
1
1
1
1
1
1
1
1
0
0
0
1
1
1
1
1
1
1
1
1
1
1
1
1
1
1
1
1
1
1
1
1
1
1
1
1
1
1
1
1
1
1
1
1
1
1
1
1
1
1
1
1
1
0
0
0
0
0
0
0
0
0
0
0
0
0
0
0
0
0
0
1
1
1
1
1
1
0
0
0
0
0
0
0
0
0
0
0
0
0
0
0
0
0
0
0
0
0
0
0
0
0
0
0
0
0
0
0
0
0
0
0
0
0
0
0
0
0
0
0
0
0
0
0
-0
-0
-0
-0
0
-0
-0
-0
-0
-0
-0
-0
-0
-0
-0
0
0
0
0
0
0
0
0
0
0
0
0
0
0
0
1
1
0
0
1
0
1
1
1
1
1
0
1
1
1
1
1
1
1
1
1
1
1
1
1
1
1
1
1
1
1
1
1
1
1
1
1
1
0
0
1
1
1
1
1
4
11
17
18
21
25
26
26
25
26
26
27
26
26
26
27
27
29
29
27
26
26
27
27
26
28
29
28
29
28
29
27
27
28
30
30
29
28
24
25
27
28
28
27
27
26
25
26
28
28
28
28
26
26
26
28
27
26
26
25
25
26
27
27
25
25
26
28
29
28
29
29
28
26
27
27
26
25
25
27
28
27
27
25
25
27
27
27
28
28
27
26
26
24
27
27
28
28
27
26
27
28
28
26
27
28
27
28
28
26
25
27
27
26
24
25
26
26
26
23
24
26
25
26
27
28
26
27
27
26
27
26
26
25
26
25
26
27
28
27
27
28
26
25
24
25
25
26
25
24
24
25
25
25
26
25
25
26
25
26
26
26
28
26
26
26
26
25
24
24
25
26
26
27
26
27
26
26
25
24
25
27
28
25
24
27
27
26
26
26
25
25
25
26
29
29
27
25
27
27
26
26
26
26
24
25
25
25
26
25
26
27
26
25
24
26
27
27
27
27
26
26
27
28
27
27
26
27
27
28
26
25
26
26
26
24
26
26
27
25
26
28
27
29
29
27
25
26
25
23
23
24
25
25
24
24
24
24
24
24
25
26
26
27
27
26
27
27
27
26
27
27
25
23
24
26
27
27
27
26
26
26
28
27
29
29
27
27
26
28
28
28
28
27
26
26
25
27
27
26
26
26
29
29
27
26
25
27
27
29
28
28
28
30
29
28
28
25
25
28
28
26
28
28
28
29
27
26
26
26
27
27
27
27
26
27
28
27
26
27
29
29
29
30
28
29
28
28
28
29
29
30
28
28
27
28
28
27
25
26
27
28
28
27
27
29
28
27
26
25
27
27
28
28
27
27
26
28
28
29
27
26
27
27
27
26
26
25
27
28
30
28
26
27
28
27
26
28
30
28
29
29
28
27
28
29
28
27
27
28
28
30
30
27
27
28
29
29
28
28
28
27
27
25
26
28
28
28
28
27
26
28
30
29
28
28
30
28
27
30
29
28
28
29
28
29
28
27
27
26
27
27
26
26
27
26
24
24
23
24
27
26
25
23
23
23
24
26
25
25
25
25
25
25
25
24
23
24
23
22
23
26
24
24
27
26
25
25
25
25
26
26
25
26
27
27
27
26
25
23
24
25
24
25
25
25
25
25
25
25
26
24
25
25
24
24
25
26
28
27
27
27
26
25
26
26
24
25
26
27
25
26
27
27
26
27
28
26
24
26
26
26
26
24
23
23
25
26
27
24
23
25
25
25
26
26
24
23
25
26
26
26
26
25
27
26
25
25
26
27
26
27
27
27
27
26
24
25
26
26
28
27
26
25
27
26
25
25
25
26
25
23
25
26
25
24
27
28
28
26
28
29
28
28
26
27
30
30
29
27
27
27
28
28
28
27
27
27
28
28
28
29
28
27
28
28
28
26
26
25
25
26
25
26
27
27
27
26
27
27
27
26
26
26
26
27
26
26
25
19
14
10
8
6
5
4
4
3
2
2
1
1
1
1
1
1
1
1
1
1
0
0
0
0
0
0
0
0
0
0
0
0
0
0
0
0
-0
0
0
0
0
0
0
0
0
0
0
0
0
0
0
0
0
0
0
0
0
0
0
0
0
0
0
0
0
0
0
0
0
0
0
0
0
0
0
0
0
0
0
0
0
0
0
0
0
0
0
0
0
0
0
0
0
0
0
0
0
0
0
0
0
0
0
0
0
0
0
-0
0
0
0
-0
0
0
-0
0
0
0
0
0
0
0
-0
-0
-0
0
0
-0
0
0
-0
-0
-0
-0
-0
-0
-0
-0
-0
-0
-0
-0
-0
-1
-1
-1
-1
-1
-1
-1
-1
-1
-1
-1
-1
