47
47
46
47
45
44
46
48
46
46
46
49
50
48
48
47
46
46
45
45
45
45
45
43
44
44
44
45
46
46
48
46
47
45
44
44
43
45
47
46
46
46
46
48
47
47
44
42
45
46
46
46
44
46
47
47
45
43
44
47
45
44
44
45
44
46
45
44
45
48
47
47
46
46
45
44
45
45
44
45
46
46
46
47
45
44
42
42
44
45
44
43
42
43
43
43
43
43
44
45
45
46
44
43
42
42
43
43
41
41
42
42
43
44
46
44
45
45
46
45
47
47
45
44
45
43
41
42
43
43
43
44
45
44
44
43
43
43
45
42
43
45
42
43
45
43
43
43
44
44
43
45
44
44
44
43
43
45
47
46
43
43
42
43
45
42
42
43
40
40
40
41
42
41
41
43
43
44
43
41
40
39
39
38
38
38
36
36
37
36
38
38
37
37
37
38
39
37
37
39
39
39
37
36
36
36
37
38
37
36
36
36
36
38
39
39
39
40
38
38
37
37
37
36
36
37
37
36
36
37
38
38
37
38
36
36
37
36
35
36
37
39
37
36
34
34
36
39
37
38
39
39
37
37
38
37
37
36
37
38
36
37
37
36
38
37
37
38
39
39
38
36
36
38
37
39
39
37
41
39
37
37
38
39
38
37
37
37
37
36
36
38
36
37
37
38
38
37
37
37
39
39
37
36
38
36
36
38
40
41
39
38
38
40
40
39
37
37
36
36
38
37
36
38
38
39
38
39
38
38
38
40
41
40
40
41
41
39
38
38
38
39
38
38
37
40
40
39
38
39
39
38
38
38
39
40
37
38
40
40
41
40
38
37
37
37
36
36
35
38
38
37
37
36
36
36
37
37
38
40
39
40
37
37
38
39
39
39
38
41
41
40
40
41
41
41
40
38
40
40
39
40
40
40
40
38
41
40
38
40
41
42
42
41
41
40
39
39
41
39
37
37
38
37
38
40
38
39
40
41
39
38
37
37
38
35
36
37
36
36
36
37
39
38
38
39
37
37
37
38
40
38
37
38
38
37
37
37
36
35
36
37
37
37
37
35
36
38
36
36
38
37
34
33
36
36
36
37
37
37
37
37
36
35
35
34
33
34
37
36
36
36
34
32
32
32
32
33
31
31
32
33
32
31
31
30
30
31
30
34
35
34
33
33
33
33
33
34
34
34
32
32
33
33
31
29
30
31
32
32
31
32
32
34
33
32
33
31
31
32
32
34
34
33
32
32
32
32
32
32
34
32
35
34
34
34
34
33
33
34
33
32
31
35
34
32
33
35
35
35
36
37
37
36
37
36
37
38
37
36
37
39
40
36
35
35
35
35
35
36
36
34
35
36
35
34
36
36
35
35
35
35
32
33
32
34
35
35
35
37
36
36
36
35
35
36
37
36
35
35
36
38
36
34
34
34
33
31
33
35
35
34
34
33
34
35
35
34
34
33
32
33
34
35
35
34
35
34
34
35
34
34
33
32
32
33
33
35
33
33
33
35
36
36
36
37
39
39
38
37
39
37
36
37
35
37
37
37
37
36
36
37
37
36
36
37
37
37
37
37
40
40
38
37
36
36
36
37
36
35
34
36
37
38
38
39
39
38
38
37
37
40
40
38
39
39
37
38
38
36
35
35
38
40
39
40
43
41
41
41
39
37
38
38
39
38
37
39
40
39
39
39
36
37
39
40
40
38
38
37
39
39
40
38
36
39
39
38
39
37
37
37
37
38
40
39
38
35
36
38
37
37
36
35
36
36
37
40
39
38
38
38
39
38
38
38
36
37
38
39
39
40
40
40
41
41
39
