-0
-0
-0
-0
-0
-0
-0
-0
-0
-0
-0
-0
-0
-0
-0
-0
-0
-0
-0
-0
-0
-0
-0
-0
-0
-0
-0
-0
-0
-0
-0
-0
-0
-0
-0
-0
-0
-0
-0
-0
-0
-0
-0
-0
-0
-0
-0
-0
-0
-0
-0
-0
-0
-0
-0
-0
-0
-0
-0
-0
-0
-0
-0
-0
-0
-0
-0
-0
-0
-0
-0
-0
-0
-0
-0
-0
-0
-0
-0
-0
-0
-0
-0
-0
-0
-0
-0
-0
-0
-0
-0
-0
-0
-0
-0
-0
-0
-0
-0
-0
-0
-0
-0
-0
-0
-0
-0
-0
-0
-0
-0
-0
-0
-0
-0
-0
-0
-0
-0
-0
-0
-0
-0
-0
-0
-0
-0
-0
-0
-0
-0
-0
-0
-0
-0
-0
-0
-0
-0
-0
-0
-0
-0
-0
-0
-0
-0
0
1
2
3
4
4
5
5
7
8
9
10
11
12
13
13
14
14
12
13
15
15
16
15
14
14
16
16
15
16
17
15
14
15
17
18
15
13
14
15
15
16
16
14
15
15
16
13
13
14
15
14
15
16
15
14
14
16
17
17
15
14
16
16
17
16
14
14
15
16
15
14
12
13
14
15
14
14
15
16
15
16
16
14
13
11
10
10
9
9
9
8
7
6
6
4
4
3
3
3
2
2
1
1
1
1
1
0
0
0
0
0
0
0
-0
-0
0
0
0
0
-0
-0
-0
-0
-0
-0
-0
-0
-0
-0
-0
-0
-0
-0
-0
-0
-0
-0
-0
-0
-0
-0
-0
-0
-0
