0
-0
-0
-0
-0
-0
-0
-0
-0
0
-0
0
0
0
-0
0
0
-0
0
-0
-0
0
0
0
0
0
-0
-0
-0
0
0
0
0
0
0
-0
-0
0
0
0
-0
0
0
0
0
0
0
0
0
0
0
0
0
0
0
0
0
0
0
0
0
0
0
0
0
0
0
0
0
0
0
0
0
0
0
0
0
0
0
0
0
0
0
0
0
0
0
0
0
0
0
0
0
0
0
0
0
0
0
0
1
2
5
6
7
8
10
9
9
11
14
15
15
16
16
15
14
15
17
15
14
15
16
14
14
15
15
15
16
14
14
14
15
15
14
14
15
15
13
15
15
15
15
14
12
13
15
17
16
14
15
14
13
13
13
12
15
16
13
12
14
14
13
13
13
14
14
15
14
14
14
15
15
14
15
17
16
14
15
13
13
14
15
16
17
15
16
17
16
15
13
13
14
13
14
16
15
15
14
15
14
13
14
13
13
13
13
13
13
14
15
14
14
15
15
14
14
14
15
14
15
15
14
15
16
15
15
14
15
15
15
15
14
13
14
14
16
16
15
16
15
13
14
15
13
14
16
15
13
13
14
18
19
16
14
14
14
12
11
14
16
16
14
13
13
12
13
14
13
11
13
13
13
13
14
16
15
15
15
15
16
15
14
13
14
15
14
13
14
14
16
15
14
14
15
16
16
14
15
15
15
13
13
13
12
10
10
9
8
7
6
5
4
4
4
3
2
2
2
2
1
1
1
1
0
0
0
0
0
0
0
-0
-0
-0
-0
-0
-0
-0
-0
-0
-0
-0
-0
-0
-0
-0
-0
-0
-0
-0
-0
-0
-0
-0
-0
-0
-0
-0
-0
-0
-0
-0
-0
-0
-0
-0
-0
-0
-0
-0
-0
-0
-0
-0
-0
-0
-0
-0
-0
-0
-0
-0
-0
-0
-0
-0
-0
-0
-0
-0
-0
-0
-0
-0
-0
-0
-0
-0
-0
-0
-0
-0
-0
-0
-0
-0
-0
-0
-0
-0
-0
-0
-0
-0
-0
-0
-0
-0
-0
-0
-0
-0
-0
-0
-0
-0
-0
-0
-0
-0
-0
-0
-0
-0
-0
-0
-0
-0
-0
-0
-0
-0
-0
-0
-0
-0
-0
-0
-0
-0
-0
-0
-0
-0
-0
-0
-0
-0
-0
-0
-0
-0
-0
-0
-0
-0
-0
-0
-0
-0
-0
