-0
0
0
0
0
0
-0
-0
-0
0
0
0
0
0
0
0
0
0
0
0
0
0
0
0
0
0
0
0
0
0
0
0
0
0
0
0
0
-0
0
0
0
0
0
0
0
0
0
0
0
0
0
0
0
0
0
0
0
0
0
0
0
0
0
0
0
0
0
0
0
0
0
0
0
0
0
0
0
0
0
0
0
0
0
0
0
0
0
0
0
0
0
0
0
0
0
0
0
0
0
0
0
0
0
0
0
0
1
1
2
4
5
5
5
6
6
6
7
8
10
11
13
13
12
14
16
16
15
16
18
18
16
16
19
20
20
20
18
17
16
16
18
17
19
20
20
19
19
19
18
18
16
16
20
22
20
18
19
20
19
18
18
18
19
19
17
18
18
18
17
18
19
19
19
20
18
17
16
17
19
19
18
18
18
19
18
19
19
19
20
20
19
17
16
17
18
18
16
16
16
16
16
17
19
18
17
16
15
16
18
17
15
14
14
15
14
14
13
13
11
9
9
8
7
6
4
4
3
2
2
2
2
1
1
1
1
1
1
1
1
1
1
1
1
1
1
1
0
0
0
0
0
0
0
0
0
0
0
0
0
0
0
0
0
0
0
0
0
0
0
0
0
0
0
0
0
0
0
0
0
0
0
0
0
0
0
0
0
0
0
0
0
0
0
0
0
0
0
0
0
0
0
0
0
0
0
0
0
0
0
0
0
0
0
0
0
0
0
0
0
0
0
0
0
0
0
0
0
0
0
0
0
0
0
0
0
0
0
0
0
0
0
0
0
0
0
0
0
0
0
0
0
0
0
0
0
0
0
0
0
0
0
0
0
0
0
0
0
0
0
0
0
0
0
0
0
0
0
0
0
0
0
0
0
0
0
0
0
0
0
0
0
0
0
0
0
0
0
-0
-0
0
0
0
0
0
0
0
0
0
0
0
0
-0
