35
34
37
37
37
36
37
36
37
36
37
38
37
36
37
36
37
39
38
38
38
36
36
37
36
36
36
38
38
37
38
38
38
38
38
38
38
37
37
38
35
35
35
36
36
37
38
39
39
37
37
37
37
37
37
36
37
36
36
36
36
37
38
37
36
36
35
36
37
36
36
36
36
35
35
36
36
36
37
36
36
37
37
36
35
35
36
38
36
35
36
36
38
39
38
35
37
37
35
36
37
37
36
35
36
38
36
36
37
38
37
38
37
36
35
35
34
35
35
36
36
36
37
36
38
37
36
38
38
38
37
37
38
37
37
37
37
35
34
34
33
34
34
33
33
31
32
31
30
32
33
33
31
30
31
31
31
32
32
31
32
31
32
32
32
34
34
33
32
30
30
32
33
32
31
33
33
34
33
33
32
31
32
31
31
31
31
32
34
34
31
32
32
32
33
33
32
32
31
30
31
32
33
32
33
33
34
35
33
32
32
33
33
33
33
33
32
34
33
32
32
32
31
30
31
32
32
30
31
32
31
30
29
30
31
31
30
31
32
30
31
32
33
32
33
31
31
31
29
30
31
31
31
33
32
32
31
31
32
33
32
32
31
31
31
32
32
31
31
32
32
32
32
34
34
31
30
29
29
31
32
32
33
34
32
32
32
32
31
32
31
30
29
30
31
30
31
32
31
30
31
31
31
30
29
28
28
29
30
32
34
33
33
34
33
34
35
35
33
34
33
32
33
31
33
31
31
31
30
30
30
31
31
33
33
33
32
31
32
35
35
34
34
33
32
34
34
31
30
30
30
30
30
32
32
32
32
32
32
32
31
31
32
32
31
31
30
31
30
29
29
31
32
31
31
31
30
30
29
29
28
29
30
29
27
28
30
31
32
30
29
28
27
29
29
28
29
29
29
30
30
31
31
29
30
31
30
29
29
30
32
33
31
31
31
29
28
29
30
31
32
32
31
29
29
28
30
31
30
30
29
27
27
26
29
30
28
27
25
25
28
28
28
28
28
29
30
28
28
28
29
28
30
31
30
30
28
26
29
28
28
27
26
24
26
26
27
28
27
28
29
28
28
27
26
27
28
29
30
29
30
29
27
28
28
28
29
29
28
28
29
27
27
29
28
28
27
26
26
28
29
28
28
26
28
28
29
28
27
29
30
30
30
30
30
29
28
29
30
29
27
27
26
25
25
25
27
29
30
30
30
30
28
26
25
28
30
28
29
29
29
29
29
28
27
27
26
26
27
29
27
27
29
28
29
27
25
26
28
29
28
28
29
30
28
27
28
28
28
28
28
28
28
29
28
28
29
30
30
29
28
30
32
31
30
29
29
31
30
29
29
29
28
29
29
30
30
29
30
31
29
28
27
28
29
30
31
30
29
30
28
29
29
29
30
30
29
29
31
31
30
30
30
28
27
28
29
27
27
30
29
27
27
27
26
27
27
28
28
28
29
28
27
28
26
28
29
29
28
29
29
28
28
28
29
29
30
30
30
30
30
30
31
30
31
32
29
29
30
31
32
31
28
29
28
30
31
33
33
36
36
34
34
33
34
35
33
33
33
36
36
35
35
33
33
34
34
33
35
34
33
33
33
32
30
30
32
29
29
30
32
31
30
30
30
30
29
29
28
29
29
30
31
29
28
28
30
31
30
29
30
31
32
32
30
30
29
28
30
28
30
30
30
31
31
32
33
33
33
34
35
34
33
31
31
31
33
35
33
32
35
34
34
34
33
34
33
32
32
33
34
34
35
35
34
35
36
36
35
34
